0.999955	0.000000	0.000045	0.000000
0.999934	0.000018	0.000040	0.000008
0.999912	0.000030	0.000042	0.000016
0.999889	0.000039	0.000047	0.000025
0.999861	0.000049	0.000054	0.000035
0.999829	0.000060	0.000064	0.000047
0.999790	0.000072	0.000077	0.000061
0.999744	0.000087	0.000092	0.000078
0.999688	0.000104	0.000110	0.000098
0.999621	0.000125	0.000131	0.000122
0.999541	0.000150	0.000158	0.000151
0.999445	0.000180	0.000189	0.000185
0.999331	0.000216	0.000227	0.000227
0.999193	0.000259	0.000272	0.000277
0.999029	0.000309	0.000325	0.000336
0.998834	0.000369	0.000389	0.000407
0.998600	0.000441	0.000466	0.000493
0.998323	0.000526	0.000557	0.000595
0.997993	0.000626	0.000665	0.000717
0.997601	0.000744	0.000793	0.000862
0.997138	0.000883	0.000944	0.001035
0.996591	0.001045	0.001123	0.001241
0.995947	0.001234	0.001333	0.001486
0.995191	0.001453	0.001579	0.001777
0.994309	0.001705	0.001866	0.002121
0.993282	0.001994	0.002198	0.002526
0.992094	0.002320	0.002582	0.003003
0.990727	0.002687	0.003023	0.003563
0.989162	0.003097	0.003524	0.004217
0.987384	0.003548	0.004091	0.004977
0.985378	0.004038	0.004727	0.005858
0.983129	0.004566	0.005432	0.006872
0.980627	0.005132	0.006206	0.008036
0.977865	0.005724	0.007051	0.009360
0.974835	0.006340	0.007965	0.010860
0.971528	0.006984	0.008939	0.012550
0.967939	0.007650	0.009970	0.014441
0.964062	0.008331	0.011064	0.016543
0.959883	0.009034	0.012214	0.018868
0.955381	0.009778	0.013410	0.021431
0.950539	0.010559	0.014662	0.024240
0.945336	0.011375	0.015987	0.027302
0.939739	0.012244	0.017381	0.030636
0.933712	0.013192	0.018838	0.034258
0.927234	0.014200	0.020384	0.038182
0.920286	0.015254	0.022039	0.042421
0.912842	0.016368	0.023791	0.046999
0.904884	0.017553	0.025621	0.051942
0.896430	0.018754	0.027555	0.057261
0.887505	0.019933	0.029590	0.062972
0.878129	0.021094	0.031683	0.069094
0.868340	0.022228	0.033785	0.075646
0.858225	0.023252	0.035904	0.082619
0.847859	0.024125	0.038009	0.090006
0.837306	0.024867	0.040019	0.097808
0.826642	0.025473	0.041879	0.106007
0.815967	0.025877	0.043596	0.114559
0.805352	0.026080	0.045139	0.123429
0.794833	0.026145	0.046433	0.132589
0.784460	0.026081	0.047469	0.141990
0.774282	0.025866	0.048283	0.151569
0.764314	0.025537	0.048868	0.161281
0.754548	0.025163	0.049196	0.171093
0.744994	0.024743	0.049312	0.180951
0.735649	0.024280	0.049262	0.190809
0.726491	0.023810	0.049059	0.200640
0.717488	0.023381	0.048711	0.210420
0.708621	0.022982	0.048274	0.220122
0.699864	0.022616	0.047791	0.229728
0.691176	0.022315	0.047277	0.239232
0.682513	0.022103	0.046747	0.248637
0.673854	0.021957	0.046252	0.257938
0.665174	0.021868	0.045817	0.267141
0.656443	0.021853	0.045440	0.276264
0.647647	0.021906	0.045124	0.285322
0.638806	0.021974	0.044895	0.294324
0.629938	0.022033	0.044745	0.303284
0.621057	0.022087	0.044634	0.312221
0.612208	0.022106	0.044544	0.321143
0.603446	0.022037	0.044472	0.330045
0.594811	0.021876	0.044386	0.338927
0.586324	0.021657	0.044229	0.347791
0.578021	0.021362	0.043998	0.356619
0.569932	0.020978	0.043701	0.365389
0.562059	0.020537	0.043317	0.374087
0.554391	0.020084	0.042820	0.382705
0.546936	0.019606	0.042243	0.391215
0.539693	0.019102	0.041606	0.399599
0.532649	0.018601	0.040902	0.407848
0.525794	0.018116	0.040135	0.415954
0.519136	0.017628	0.039333	0.423903
0.512675	0.017132	0.038507	0.431686
0.506407	0.016644	0.037649	0.439301
0.500332	0.016161	0.036763	0.446744
0.494461	0.015668	0.035864	0.454007
0.488790	0.015167	0.034955	0.461088
0.483312	0.014676	0.034026	0.467986
0.478023	0.014195	0.033084	0.474698
0.472917	0.013719	0.032144	0.481221
0.467979	0.013258	0.031209	0.487554
0.463186	0.012834	0.030276	0.493703
0.458523	0.012445	0.029364	0.499668
0.453970	0.012092	0.028487	0.505452
0.449500	0.011785	0.027651	0.511064
0.445084	0.011540	0.026862	0.516515
0.440702	0.011347	0.026136	0.521814
0.436331	0.011208	0.025487	0.526974
0.431942	0.011130	0.024916	0.532013
0.427513	0.011115	0.024426	0.536946
0.423027	0.011150	0.024032	0.541791
0.418467	0.011232	0.023735	0.546565
0.413811	0.011370	0.023529	0.551290
0.409044	0.011557	0.023415	0.555984
0.404156	0.011779	0.023401	0.560664
0.399131	0.012038	0.023482	0.565350
0.393945	0.012349	0.023645	0.570061
0.388582	0.012707	0.023895	0.574816
0.383024	0.013103	0.024245	0.579628
0.377241	0.013552	0.024690	0.584517
0.371196	0.014077	0.025219	0.589508
0.364863	0.014668	0.025854	0.594615
0.358212	0.015321	0.026610	0.599858
0.351202	0.016053	0.027481	0.605263
0.343798	0.016880	0.028464	0.610858
0.335984	0.017770	0.029584	0.616662
0.327746	0.018707	0.030846	0.622701
0.319067	0.019704	0.032225	0.629005
0.309951	0.020741	0.033709	0.635600
0.300436	0.021758	0.035306	0.642501
0.290558	0.022726	0.036990	0.649725
0.280357	0.023651	0.038698	0.657294
0.269908	0.024481	0.040402	0.665209
0.259311	0.025146	0.042085	0.673458
0.248653	0.025630	0.043685	0.682032
0.238017	0.025948	0.045117	0.690918
0.227526	0.026044	0.046357	0.700073
0.217291	0.025880	0.047380	0.709449
0.207402	0.025479	0.048120	0.718999
0.197936	0.024875	0.048517	0.728672
0.188984	0.024042	0.048582	0.738391
0.180609	0.022996	0.048313	0.748082
0.172839	0.021797	0.047680	0.757685
0.165693	0.020488	0.046689	0.767130
0.159184	0.019083	0.045389	0.776344
0.153301	0.017619	0.043814	0.785266
0.148013	0.016150	0.041989	0.793848
0.143287	0.014706	0.039961	0.802046
0.139086	0.013307	0.037785	0.809823
0.135365	0.011974	0.035508	0.817153
0.132079	0.010723	0.033176	0.824022
0.129186	0.009560	0.030834	0.830421
0.126641	0.008495	0.028510	0.836354
0.124405	0.007532	0.026234	0.841829
0.122444	0.006659	0.024041	0.846856
0.120725	0.005872	0.021952	0.851451
0.119218	0.005171	0.019970	0.855641
0.117896	0.004554	0.018102	0.859448
0.116738	0.004004	0.016364	0.862894
0.115723	0.003515	0.014759	0.866002
0.114833	0.003086	0.013278	0.868803
0.114051	0.002711	0.011916	0.871322
0.113366	0.002381	0.010673	0.873580
0.112765	0.002089	0.009547	0.875599
0.112237	0.001833	0.008526	0.877405
0.111773	0.001610	0.007601	0.879016
0.111365	0.001414	0.006768	0.880452
0.111007	0.001241	0.006021	0.881730
0.110693	0.001090	0.005352	0.882866
0.110416	0.000958	0.004751	0.883875
0.110173	0.000842	0.004214	0.884771
0.109959	0.000740	0.003736	0.885565
0.109771	0.000650	0.003310	0.886268
0.109606	0.000572	0.002931	0.886892
0.109460	0.000503	0.002593	0.887444
0.109332	0.000443	0.002294	0.887932
0.109219	0.000389	0.002028	0.888364
0.109120	0.000342	0.001793	0.888745
0.109032	0.000301	0.001584	0.889083
0.108955	0.000265	0.001399	0.889381
0.108887	0.000233	0.001235	0.889644
0.108828	0.000205	0.001091	0.889876
0.108775	0.000181	0.000963	0.890081
0.108729	0.000159	0.000850	0.890262
0.108688	0.000140	0.000750	0.890422
0.108652	0.000123	0.000661	0.890563
0.108621	0.000109	0.000583	0.890687
0.108593	0.000096	0.000515	0.890797
0.108568	0.000084	0.000454	0.890894
0.108547	0.000074	0.000400	0.890979
0.108528	0.000065	0.000353	0.891054
0.108511	0.000058	0.000311	0.891120
0.108496	0.000051	0.000274	0.891179
0.108483	0.000045	0.000242	0.891230
0.108472	0.000039	0.000213	0.891276
0.108461	0.000035	0.000188	0.891316
0.108453	0.000031	0.000166	0.891351
0.108445	0.000027	0.000146	0.891382
0.108438	0.000024	0.000129	0.891410
0.108432	0.000021	0.000113	0.891434
0.108426	0.000018	0.000100	0.891455
0.108422	0.000016	0.000088	0.891474
